5.120383139153020124e+00 1.465269424926483044e-01
3.952139332149093853e+00 1.017523688241706026e-01
4.826031825170544742e+00 1.062330172523173744e-01
5.436386272036541456e+00 1.163593258191399915e-01
5.300283196623427173e+00 1.523757848490842060e-01
5.120424635398785007e+00 1.346606234919616174e-01
4.059001386380259646e+00 1.116319656114254100e-01
5.164650411995642010e+00 1.190181452045795396e-01
5.268750660536489328e+00 1.481682121486469494e-01
2.975313096162169657e+00 1.002130582104313050e-01
4.410474588004357877e+00 1.160357297954204281e-01
4.289393153557940153e+00 1.139777105767939558e-01
6.002865355047694251e+00 1.237961077786565722e-01
4.637376059843859366e+00 9.710088404076666624e-02
5.863055281679627306e+00 1.456031475366095229e-01
