1.241508510638297640e-02 1.316241239361702897e-01
1.281596542553191560e-02 4.879312457446807194e-01
1.809265824468085648e-02 2.022372675531912689e-01
1.942485771276595760e-02 2.775535728723402817e-01
2.332006249999999878e-02 -1.740466499999999694e-01
1.351774069148936434e-02 3.779963430851064343e-01
8.523166223404255587e-03 -1.006489372340425570e-01
2.591592686170213558e-02 -2.982540186170217211e-01
7.182986702127662146e-03 2.460819329787233833e-01
1.407540558510638438e-02 7.132147191489363047e-01
7.907763297872343056e-03 6.272665420212764076e-01
1.474573005319148797e-02 1.520720244680852096e-01
1.228271010638297932e-02 -3.205512260638297972e-01
1.170110505319148231e-02 4.649270994680853031e-01
1.848180319148936407e-02 -5.845640569148937704e-01
